# vtk DataFile Version 2.0
2D Surface
ASCII
DATASET RECTILINEAR_GRID
DIMENSIONS 201 201 1
X_COORDINATES 201 float
0
0.25
0.5
0.75
1
1.25
1.5
1.75
2
2.25
2.5
2.75
3
3.25
3.5
3.75
4
4.25
4.5
4.75
5
5.25
5.5
5.75
6
6.25
6.5
6.75
7
7.25
7.5
7.75
8
8.25
8.5
8.75
9
9.25
9.5
9.75
10
10.25
10.5
10.75
11
11.25
11.5
11.75
12
12.25
12.5
12.75
13
13.25
13.5
13.75
14
14.25
14.5
14.75
15
15.25
15.5
15.75
16
16.25
16.5
16.75
17
17.25
17.5
17.75
18
18.25
18.5
18.75
19
19.25
19.5
19.75
20
20.25
20.5
20.75
21
21.25
21.5
21.75
22
22.25
22.5
22.75
23
23.25
23.5
23.75
24
24.25
24.5
24.75
25
25.25
25.5
25.75
26
26.25
26.5
26.75
27
27.25
27.5
27.75
28
28.25
28.5
28.75
29
29.25
29.5
29.75
30
30.25
30.5
30.75
31
31.25
31.5
31.75
32
32.25
32.5
32.75
33
33.25
33.5
33.75
34
34.25
34.5
34.75
35
35.25
35.5
35.75
36
36.25
36.5
36.75
37
37.25
37.5
37.75
38
38.25
38.5
38.75
39
39.25
39.5
39.75
40
40.25
40.5
40.75
41
41.25
41.5
41.75
42
42.25
42.5
42.75
43
43.25
43.5
43.75
44
44.25
44.5
44.75
45
45.25
45.5
45.75
46
46.25
46.5
46.75
47
47.25
47.5
47.75
48
48.25
48.5
48.75
49
49.25
49.5
49.75
50
Y_COORDINATES 201 float
0
0.25
0.5
0.75
1
1.25
1.5
1.75
2
2.25
2.5
2.75
3
3.25
3.5
3.75
4
4.25
4.5
4.75
5
5.25
5.5
5.75
6
6.25
6.5
6.75
7
7.25
7.5
7.75
8
8.25
8.5
8.75
9
9.25
9.5
9.75
10
10.25
10.5
10.75
11
11.25
11.5
11.75
12
12.25
12.5
12.75
13
13.25
13.5
13.75
14
14.25
14.5
14.75
15
15.25
15.5
15.75
16
16.25
16.5
16.75
17
17.25
17.5
17.75
18
18.25
18.5
18.75
19
19.25
19.5
19.75
20
20.25
20.5
20.75
21
21.25
21.5
21.75
22
22.25
22.5
22.75
23
23.25
23.5
23.75
24
24.25
24.5
24.75
25
25.25
25.5
25.75
26
26.25
26.5
26.75
27
27.25
27.5
27.75
28
28.25
28.5
28.75
29
29.25
29.5
29.75
30
30.25
30.5
30.75
31
31.25
31.5
31.75
32
32.25
32.5
32.75
33
33.25
33.5
33.75
34
34.25
34.5
34.75
35
35.25
35.5
35.75
36
36.25
36.5
36.75
37
37.25
37.5
37.75
38
38.25
38.5
38.75
39
39.25
39.5
39.75
40
40.25
40.5
40.75
41
41.25
41.5
41.75
42
42.25
42.5
42.75
43
43.25
43.5
43.75
44
44.25
44.5
44.75
45
45.25
45.5
45.75
46
46.25
46.5
46.75
47
47.25
47.5
47.75
48
48.25
48.5
48.75
49
49.25
49.5
49.75
50
Z_COORDINATES 1 float
0
POINT_DATA 40401
SCALARS SDValues float
LOOKUP_TABLE default
27.0416 26.834 26.6271 26.4209 26.2155 26.0108 25.807 25.604 25.4018 25.2004 25 24.8005 24.6018 24.4041 24.2074 24.0117 23.817 23.6233 23.4307 23.2392 23.0489 22.8596 22.6716 22.4847 22.2991 22.1148 21.9317 21.75 21.5697 21.3907 21.2132 21.0372 20.8626 20.6897 20.5183 20.3485 20.1804 20.0141 19.8494 19.6866 19.5256 19.3665 19.2094 19.0542 18.9011 18.75 18.6011 18.4543 18.3098 18.1676 18.0278 17.8903 17.7553 17.6228 17.4929 17.3656 17.2409 17.1191 17 16.8838 16.7705 16.6602 16.5529 16.4488 16.3478 16.25 16.1555 16.0643 15.9765 15.8922 15.8114 15.7341 15.6605 15.5905 15.5242 15.4616 15.4029 15.348 15.2971 15.25 15.2069 15.1678 15.1327 15.1017 15.0748 15.052 15.0333 15.0187 15.0083 15.0021 15 15 15 15 15 15 15 15 15 15 15 15 15 15 15 15 15 15 15 15 15 15.0021 15.0083 15.0187 15.0333 15.052 15.0748 15.1017 15.1327 15.1678 15.2069 15.25 15.2971 15.348 15.4029 15.4616 15.5242 15.5905 15.6605 15.7341 15.8114 15.8922 15.9765 16.0643 16.1555 16.25 16.3478 16.4488 16.5529 16.6602 16.7705 16.8838 17 17.1191 17.2409 17.3656 17.4929 17.6228 17.7553 17.8903 18.0278 18.1676 18.3098 18.4543 18.6011 18.75 18.9011 19.0542 19.2094 19.3665 19.5256 19.6866 19.8494 20.0141 20.1804 20.3485 20.5183 20.6897 20.8626 21.0372 21.2132 21.3907 21.5697 21.75 21.9317 22.1148 22.2991 22.4847 22.6716 22.8596 23.0489 23.2392 23.4307 23.6233 23.817 24.0117 24.2074 24.4041 24.6018 24.8005 25 25.2004 25.4018 25.604 25.807 26.0108 26.2155 26.4209 26.6271 26.834 27.0416 
26.9038 26.695 26.487 26.2797 26.0732 25.8675 25.6625 25.4583 25.255 25.0524 24.8508 24.6501 24.4502 24.2513 24.0533 23.8563 23.6604 23.4654 23.2715 23.0787 22.887 22.6964 22.5069 22.3187 22.1317 21.946 21.7615 21.5783 21.3966 21.2161 21.0372 20.8597 20.6836 20.5091 20.3362 20.1649 19.9953 19.8274 19.6612 19.4968 19.3342 19.1735 19.0148 18.858 18.7033 18.5506 18.4001 18.2517 18.1056 17.9618 17.8203 17.6812 17.5446 17.4105 17.279 17.1501 17.0239 16.9004 16.7798 16.6621 16.5473 16.4355 16.3267 16.2211 16.1187 16.0195 15.9236 15.8311 15.7421 15.6565 15.5744 15.496 15.4212 15.3501 15.2828 15.2192 15.1596 15.1038 15.052 15.0042 14.9604 14.9206 14.885 14.8535 14.8261 14.8029 14.7839 14.7691 14.7585 14.7521 14.75 14.75 14.75 14.75 14.75 14.75 14.75 14.75 14.75 14.75 14.75 14.75 14.75 14.75 14.75 14.75 14.75 14.75 14.75 14.75 14.75 14.7521 14.7585 14.7691 14.7839 14.8029 14.8261 14.8535 14.885 14.9206 14.9604 15.0042 15.052 15.1038 15.1596 15.2192 15.2828 15.3501 15.4212 15.496 15.5744 15.6565 15.7421 15.8311 15.9236 16.0195 16.1187 16.2211 16.3267 16.4355 16.5473 16.6621 16.7798 16.9004 17.0239 17.1501 17.279 17.4105 17.5446 17.6812 17.8203 17.9618 18.1056 18.2517 18.4001 18.5506 18.7033 18.858 19.0148 19.1735 19.3342 19.4968 19.6612 19.8274 19.9953 20.1649 20.3362 20.5091 20.6836 20.8597 21.0372 21.2161 21.3966 21.5783 21.7615 21.946 22.1317 22.3187 22.5069 22.6964 22.887 23.0787 23.2715 23.4654 23.6604 23.8563 24.0533 24.2513 24.4502 24.6501 24.8508 25.0524 25.255 25.4583 25.6625 25.8675 26.0732 26.2797 26.487 26.695 26.9038 
26.7675 26.5577 26.3486 26.1402 25.9326 25.7257 25.5196 25.3143 25.1098 24.9061 24.7032 24.5013 24.3002 24.1001 23.9008 23.7026 23.5053 23.3091 23.1138 22.9197 22.7266 22.5347 22.3439 22.1543 21.9659 21.7787 21.5928 21.4082 21.225 21.0431 20.8626 20.6836 20.5061 20.3301 20.1556 19.9828 19.8116 19.6421 19.4743 19.3084 19.1442 18.9819 18.8215 18.6631 18.5068 18.3525 18.2003 18.0503 17.9025 17.757 17.6139 17.4732 17.3349 17.1992 17.066 16.9355 16.8077 16.6827 16.5605 16.4412 16.3248 16.2115 16.1012 15.9941 15.8902 15.7896 15.6924 15.5985 15.5081 15.4212 15.3379 15.2582 15.1822 15.11 15.0416 14.9771 14.9164 14.8598 14.8071 14.7585 14.7139 14.6735 14.6373 14.6052 14.5774 14.5538 14.5344 14.5194 14.5086 14.5022 14.5 14.5 14.5 14.5 14.5 14.5 14.5 14.5 14.5 14.5 14.5 14.5 14.5 14.5 14.5 14.5 14.5 14.5 14.5 14.5 14.5 14.5022 14.5086 14.5194 14.5344 14.5538 14.5774 14.6052 14.6373 14.6735 14.7139 14.7585 14.8071 14.8598 14.9164 14.9771 15.0416 15.11 15.1822 15.2582 15.3379 15.4212 15.5081 15.5985 15.6924 15.7896 15.8902 15.9941 16.1012 16.2115 16.3248 16.4412 16.5605 16.6827 16.8077 16.9355 17.066 17.1992 17.3349 17.4732 17.6139 17.757 17.9025 18.0503 18.2003 18.3525 18.5068 18.6631 18.8215 18.9819 19.1442 19.3084 19.4743 19.6421 19.8116 19.9828 20.1556 20.3301 20.5061 20.6836 20.8626 21.0431 21.225 21.4082 21.5928 21.7787 21.9659 22.1543 22.3439 22.5347 22.7266 22.9197 23.1138 23.3091 23.5053 23.7026 23.9008 24.1001 24.3002 24.5013 24.7032 24.9061 25.1098 25.3143 25.5196 25.7257 25.9326 26.1402 26.3486 26.5577 26.7675 
26.6329 26.4221 26.2119 26.0024 25.7937 25.5856 25.3784 25.1719 24.9662 24.7614 24.5573 24.3542 24.1519 23.9505 23.75 23.5505 23.3519 23.1544 22.9578 22.7624 22.568 22.3747 22.1825 21.9915 21.8017 21.6131 21.4257 21.2397 21.055 20.8716 20.6897 20.5091 20.3301 20.1525 19.9765 19.8021 19.6294 19.4583 19.2889 19.1213 18.9555 18.7916 18.6296 18.4696 18.3115 18.1556 18.0017 17.8501 17.7006 17.5535 17.4087 17.2663 17.1264 16.989 16.8542 16.722 16.5925 16.4659 16.342 16.2211 16.1032 15.9883 15.8765 15.7678 15.6625 15.5604 15.4616 15.3664 15.2746 15.1863 15.1017 15.0208 14.9436 14.8703 14.8008 14.7352 14.6735 14.6159 14.5624 14.5129 14.4676 14.4265 14.3897 14.3571 14.3287 14.3047 14.285 14.2697 14.2588 14.2522 14.25 14.25 14.25 14.25 14.25 14.25 14.25 14.25 14.25 14.25 14.25 14.25 14.25 14.25 14.25 14.25 14.25 14.25 14.25 14.25 14.25 14.2522 14.2588 14.2697 14.285 14.3047 14.3287 14.3571 14.3897 14.4265 14.4676 14.5129 14.5624 14.6159 14.6735 14.7352 14.8008 14.8703 14.9436 15.0208 15.1017 15.1863 15.2746 15.3664 15.4616 15.5604 15.6625 15.7678 15.8765 15.9883 16.1032 16.2211 16.342 16.4659 16.5925 16.722 16.8542 16.989 17.1264 17.2663 17.4087 17.5535 17.7006 17.8501 18.0017 18.1556 18.3115 18.4696 18.6296 18.7916 18.9555 19.1213 19.2889 19.4583 19.6294 19.8021 19.9765 20.1525 20.3301 20.5091 20.6897 20.8716 21.055 21.2397 21.4257 21.6131 21.8017 21.9915 22.1825 22.3747 22.568 22.7624 22.9578 23.1544 23.3519 23.5505 23.75 23.9505 24.1519 24.3542 24.5573 24.7614 24.9662 25.1719 25.3784 25.5856 25.7937 26.0024 26.2119 26.4221 26.6329 
26.5 26.2881 26.0768 25.8662 25.6564 25.4472 25.2389 25.0312 24.8244 24.6183 24.4131 24.2087 24.0052 23.8026 23.6008 23.4001 23.2002 23.0014 22.8035 22.6067 22.4109 22.2163 22.0227 21.8303 21.6391 21.4491 21.2603 21.0728 20.8866 20.7018 20.5183 20.3362 20.1556 19.9765 19.799 19.623 19.4487 19.276 19.105 18.9357 18.7683 18.6028 18.4391 18.2774 18.1177 17.96 17.8045 17.6511 17.5 17.3512 17.2047 17.0606 16.9189 16.7798 16.6433 16.5095 16.3783 16.25 16.1245 16.002 15.8824 15.7659 15.6525 15.5423 15.4353 15.3317 15.2315 15.1348 15.0416 14.952 14.8661 14.7839 14.7054 14.6309 14.5602 14.4935 14.4309 14.3723 14.3178 14.2675 14.2215 14.1797 14.1421 14.109 14.0801 14.0557 14.0357 14.0201 14.0089 14.0022 14 14 14 14 14 14 14 14 14 14 14 14 14 14 14 14 14 14 14 14 14 14.0022 14.0089 14.0201 14.0357 14.0557 14.0801 14.109 14.1421 14.1797 14.2215 14.2675 14.3178 14.3723 14.4309 14.4935 14.5602 14.6309 14.7054 14.7839 14.8661 14.952 15.0416 15.1348 15.2315 15.3317 15.4353 15.5423 15.6525 15.7659 15.8824 16.002 16.1245 16.25 16.3783 16.5095 16.6433 16.7798 16.9189 17.0606 17.2047 17.3512 17.5 17.6511 17.8045 17.96 18.1177 18.2774 18.4391 18.6028 18.7683 18.9357 19.105 19.276 19.4487 19.623 19.799 19.9765 20.1556 20.3362 20.5183 20.7018 20.8866 21.0728 21.2603 21.4491 21.6391 21.8303 22.0227 22.2163 22.4109 22.6067 22.8035 23.0014 23.2002 23.4001 23.6008 23.8026 24.0052 24.2087 24.4131 24.6183 24.8244 25.0312 25.2389 25.4472 25.6564 25.8662 26.0768 26.2881 26.5 
26.3688 26.1558 25.9434 25.7318 25.5208 25.3106 25.101 24.8923 24.6843 24.477 24.2706 24.065 23.8603 23.6564 23.4534 23.2513 23.0502 22.8501 22.6509 22.4527 22.2556 22.0596 21.8646 21.6708 21.4782 21.2867 21.0965 20.9075 20.7199 20.5335 20.3485 20.1649 19.9828 19.8021 19.623 19.4454 19.2695 19.0952 18.9225 18.7517 18.5826 18.4153 18.25 18.0866 17.9252 17.7658 17.6086 17.4535 17.3007 17.1501 17.0018 16.856 16.7126 16.5718 16.4336 16.298 16.1652 16.0351 15.9079 15.7837 15.6625 15.5443 15.4293 15.3175 15.209 15.1038 15.0021 14.9039 14.8092 14.7182 14.6309 14.5473 14.4676 14.3918 14.32 14.2522 14.1885 14.1289 14.0735 14.0223 13.9754 13.9329 13.8947 13.8609 13.8316 13.8067 13.7863 13.7704 13.7591 13.7523 13.75 13.75 13.75 13.75 13.75 13.75 13.75 13.75 13.75 13.75 13.75 13.75 13.75 13.75 13.75 13.75 13.75 13.75 13.75 13.75 13.75 13.7523 13.7591 13.7704 13.7863 13.8067 13.8316 13.8609 13.8947 13.9329 13.9754 14.0223 14.0735 14.1289 14.1885 14.2522 14.32 14.3918 14.4676 14.5473 14.6309 14.7182 14.8092 14.9039 15.0021 15.1038 15.209 15.3175 15.4293 15.5443 15.6625 15.7837 15.9079 16.0351 16.1652 16.298 16.4336 16.5718 16.7126 16.856 17.0018 17.1501 17.3007 17.4535 17.6086 17.7658 17.9252 18.0866 18.25 18.4153 18.5826 18.7517 18.9225 19.0952 19.2695 19.4454 19.623 19.8021 19.9828 20.1649 20.3485 20.5335 20.7199 20.9075 21.0965 21.2867 21.4782 21.6708 21.8646 22.0596 22.2556 22.4527 22.6509 22.8501 23.0502 23.2513 23.4534 23.6564 23.8603 24.065 24.2706 24.477 24.6843 24.8923 25.101 25.3106 25.5208 25.7318 25.9434 26.1558 26.3688 
26.2393 26.0252 25.8118 25.5991 25.387 25.1756 24.965 24.755 24.5459 24.3375 24.1299 23.9231 23.7171 23.512 23.3077 23.1044 22.902 22.7005 22.5 22.3005 22.102 21.9046 21.7083 21.5131 21.319 21.1261 20.9344 20.744 20.5548 20.3669 20.1804 19.9953 19.8116 19.6294 19.4487 19.2695 19.0919 18.9159 18.7417 18.5691 18.3984 18.2294 18.0624 17.8973 17.7341 17.5731 17.4141 17.2572 17.1026 16.9503 16.8003 16.6527 16.5076 16.365 16.225 16.0877 15.9531 15.8213 15.6924 15.5664 15.4434 15.3236 15.2069 15.0935 14.9833 14.8766 14.7733 14.6735 14.5774 14.4849 14.3962 14.3113 14.2302 14.1532 14.0801 14.0112 13.9463 13.8857 13.8293 13.7772 13.7295 13.6862 13.6473 13.613 13.5831 13.5577 13.537 13.5208 13.5093 13.5023 13.5 13.5 13.5 13.5 13.5 13.5 13.5 13.5 13.5 13.5 13.5 13.5 13.5 13.5 13.5 13.5 13.5 13.5 13.5 13.5 13.5 13.5023 13.5093 13.5208 13.537 13.5577 13.5831 13.613 13.6473 13.6862 13.7295 13.7772 13.8293 13.8857 13.9463 14.0112 14.0801 14.1532 14.2302 14.3113 14.3962 14.4849 14.5774 14.6735 14.7733 14.8766 14.9833 15.0935 15.2069 15.3236 15.4434 15.5664 15.6924 15.8213 15.9531 16.0877 16.225 16.365 16.5076 16.6527 16.8003 16.9503 17.1026 17.2572 17.4141 17.5731 17.7341 17.8973 18.0624 18.2294 18.3984 18.5691 18.7417 18.9159 19.0919 19.2695 19.4487 19.6294 19.8116 19.9953 20.1804 20.3669 20.5548 20.744 20.9344 21.1261 21.319 21.5131 21.7083 21.9046 22.102 22.3005 22.5 22.7005 22.902 23.1044 23.3077 23.512 23.7171 23.9231 24.1299 24.3375 24.5459 24.755 24.965 25.1756 25.387 25.5991 25.8118 26.0252 26.2393 
26.1115 25.8964 25.6819 25.4681 25.255 25.0425 24.8307 24.6196 24.4093 24.1997 23.9909 23.7829 23.5757 23.3693 23.1638 22.9592 22.7555 22.5527 22.3509 22.1501 21.9502 21.7514 21.5537 21.3571 21.1616 20.9672 20.7741 20.5822 20.3915 20.2021 20.0141 19.8274 19.6421 19.4583 19.276 19.0952 18.9159 18.7383 18.5624 18.3882 18.2157 18.0451 17.8763 17.7095 17.5446 17.3817 17.221 17.0624 16.906 16.7519 16.6001 16.4507 16.3038 16.1594 16.0176 15.8784 15.7421 15.6085 15.4778 15.3501 15.2254 15.1038 14.9854 14.8703 14.7585 14.6501 14.5452 14.4439 14.3462 14.2522 14.162 14.0757 13.9933 13.9149 13.8406 13.7704 13.7045 13.6428 13.5854 13.5324 13.4838 13.4397 13.4001 13.3651 13.3346 13.3088 13.2877 13.2712 13.2594 13.2524 13.25 13.25 13.25 13.25 13.25 13.25 13.25 13.25 13.25 13.25 13.25 13.25 13.25 13.25 13.25 13.25 13.25 13.25 13.25 13.25 13.25 13.2524 13.2594 13.2712 13.2877 13.3088 13.3346 13.3651 13.4001 13.4397 13.4838 13.5324 13.5854 13.6428 13.7045 13.7704 13.8406 13.9149 13.9933 14.0757 14.162 14.2522 14.3462 14.4439 14.5452 14.6501 14.7585 14.8703 14.9854 15.1038 15.2254 15.3501 15.4778 15.6085 15.7421 15.8784 16.0176 16.1594 16.3038 16.4507 16.6001 16.7519 16.906 17.0624 17.221 17.3817 17.5446 17.7095 17.8763 18.0451 18.2157 18.3882 18.5624 18.7383 18.9159 19.0952 19.276 19.4583 19.6421 19.8274 20.0141 20.2021 20.3915 20.5822 20.7741 20.9672 21.1616 21.3571 21.5537 21.7514 21.9502 22.1501 22.3509 22.5527 22.7555 22.9592 23.1638 23.3693 23.5757 23.7829 23.9909 24.1997 24.4093 24.6196 24.8307 25.0425 25.255 25.4681 25.6819 25.8964 26.1115 
25.9856 25.7694 25.5539 25.339 25.1247 24.9111 24.6982 24.486 24.2745 24.0637 23.8537 23.6445 23.4361 23.2285 23.0217 22.8158 22.6108 22.4068 22.2036 22.0014 21.8002 21.6001 21.4009 21.2029 21.006 20.8102 20.6155 20.4221 20.2299 20.039 19.8494 19.6612 19.4743 19.2889 19.105 18.9225 18.7417 18.5624 18.3848 18.2089 18.0347 17.8623 17.6918 17.5232 17.3566 17.1919 17.0294 16.869 16.7108 16.5548 16.4012 16.25 16.1012 15.955 15.8114 15.6704 15.5322 15.3968 15.2643 15.1348 15.0083 14.885 14.7648 14.648 14.5344 14.4244 14.3178 14.2149 14.1156 14.0201 13.9284 13.8406 13.7568 13.6771 13.6015 13.5301 13.4629 13.4001 13.3417 13.2877 13.2382 13.1933 13.1529 13.1173 13.0863 13.06 13.0384 13.0216 13.0096 13.0024 13 13 13 13 13 13 13 13 13 13 13 13 13 13 13 13 13 13 13 13 13 13.0024 13.0096 13.0216 13.0384 13.06 13.0863 13.1173 13.1529 13.1933 13.2382 13.2877 13.3417 13.4001 13.4629 13.5301 13.6015 13.6771 13.7568 13.8406 13.9284 14.0201 14.1156 14.2149 14.3178 14.4244 14.5344 14.648 14.7648 14.885 15.0083 15.1348 15.2643 15.3968 15.5322 15.6704 15.8114 15.955 16.1012 16.25 16.4012 16.5548 16.7108 16.869 17.0294 17.1919 17.3566 17.5232 17.6918 17.8623 18.0347 18.2089 18.3848 18.5624 18.7417 18.9225 19.105 19.2889 19.4743 19.6612 19.8494 20.039 20.2299 20.4221 20.6155 20.8102 21.006 21.2029 21.4009 21.6001 21.8002 22.0014 22.2036 22.4068 22.6108 22.8158 23.0217 23.2285 23.4361 23.6445 23.8537 24.0637 24.2745 24.486 24.6982 24.9111 25.1247 25.339 25.5539 25.7694 25.9856 
25.8614 25.6442 25.4276 25.2116 24.9962 24.7815 24.5675 24.3542 24.1415 23.9296 23.7184 23.508 23.2983 23.0895 22.8815 22.6743 22.468 22.2626 22.0582 21.8546 21.6521 21.4505 21.25 21.0505 20.8522 20.6549 20.4588 20.2639 20.0702 19.8778 19.6866 19.4968 19.3084 19.1213 18.9357 18.7517 18.5691 18.3882 18.2089 18.0312 17.8553 17.6812 17.5089 17.3385 17.1701 17.0037 16.8393 16.6771 16.517 16.3592 16.2038 16.0507 15.9001 15.752 15.6065 15.4637 15.3236 15.1863 15.052 14.9206 14.7923 14.6671 14.5452 14.4265 14.3113 14.1995 14.0912 13.9866 13.8857 13.7886 13.6953 13.6061 13.5208 13.4397 13.3627 13.29 13.2217 13.1577 13.0982 13.0432 12.9928 12.947 12.9059 12.8695 12.8379 12.8111 12.7892 12.772 12.7598 12.7525 12.75 12.75 12.75 12.75 12.75 12.75 12.75 12.75 12.75 12.75 12.75 12.75 12.75 12.75 12.75 12.75 12.75 12.75 12.75 12.75 12.75 12.7525 12.7598 12.772 12.7892 12.8111 12.8379 12.8695 12.9059 12.947 12.9928 13.0432 13.0982 13.1577 13.2217 13.29 13.3627 13.4397 13.5208 13.6061 13.6953 13.7886 13.8857 13.9866 14.0912 14.1995 14.3113 14.4265 14.5452 14.6671 14.7923 14.9206 15.052 15.1863 15.3236 15.4637 15.6065 15.752 15.9001 16.0507 16.2038 16.3592 16.517 16.6771 16.8393 17.0037 17.1701 17.3385 17.5089 17.6812 17.8553 18.0312 18.2089 18.3882 18.5691 18.7517 18.9357 19.1213 19.3084 19.4968 19.6866 19.8778 20.0702 20.2639 20.4588 20.6549 20.8522 21.0505 21.25 21.4505 21.6521 21.8546 22.0582 22.2626 22.468 22.6743 22.8815 23.0895 23.2983 23.508 23.7184 23.9296 24.1415 24.3542 24.5675 24.7815 24.9962 25.2116 25.4276 25.6442 25.8614 
25.7391 25.5208 25.3032 25.0861 24.8697 24.6539 24.4387 24.2242 24.0104 23.7973 23.585 23.3733 23.1625 22.9524 22.7431 22.5347 22.3271 22.1204 21.9146 21.7097 21.5058 21.3029 21.1009 20.9001 20.7002 20.5015 20.3039 20.1075 19.9123 19.7183 19.5256 19.3342 19.1442 18.9555 18.7683 18.5826 18.3984 18.2157 18.0347 17.8553 17.6777 17.5018 17.3277 17.1555 16.9853 16.817 16.6508 16.4867 16.3248 16.1652 16.0078 15.8528 15.7003 15.5503 15.4029 15.2582 15.1162 14.9771 14.8408 14.7076 14.5774 14.4503 14.3265 14.2061 14.089 13.9754 13.8654 13.7591 13.6565 13.5577 13.4629 13.3721 13.2853 13.2027 13.1244 13.0504 12.9808 12.9156 12.855 12.7989 12.7475 12.7009 12.659 12.6219 12.5897 12.5623 12.5399 12.5225 12.51 12.5025 12.5 12.5 12.5 12.5 12.5 12.5 12.5 12.5 12.5 12.5 12.5 12.5 12.5 12.5 12.5 12.5 12.5 12.5 12.5 12.5 12.5 12.5025 12.51 12.5225 12.5399 12.5623 12.5897 12.6219 12.659 12.7009 12.7475 12.7989 12.855 12.9156 12.9808 13.0504 13.1244 13.2027 13.2853 13.3721 13.4629 13.5577 13.6565 13.7591 13.8654 13.9754 14.089 14.2061 14.3265 14.4503 14.5774 14.7076 14.8408 14.9771 15.1162 15.2582 15.4029 15.5503 15.7003 15.8528 16.0078 16.1652 16.3248 16.4867 16.6508 16.817 16.9853 17.1555 17.3277 17.5018 17.6777 17.8553 18.0347 18.2157 18.3984 18.5826 18.7683 18.9555 19.1442 19.3342 19.5256 19.7183 19.9123 20.1075 20.3039 20.5015 20.7002 20.9001 21.1009 21.3029 21.5058 21.7097 21.9146 22.1204 22.3271 22.5347 22.7431 22.9524 23.1625 23.3733 23.585 23.7973 24.0104 24.2242 24.4387 24.6539 24.8697 25.0861 25.3032 25.5208 25.7391 
25.6186 25.3993 25.1806 24.9625 24.7449 24.528 24.3118 24.0962 23.8812 23.667 23.4534 23.2406 23.0285 22.8172 22.6067 22.397 22.1881 21.9801 21.773 21.5668 21.3615 21.1572 20.9538 20.7515 20.5502 20.3501 20.151 19.9531 19.7563 19.5608 19.3665 19.1735 18.9819 18.7916 18.6028 18.4153 18.2294 18.0451 17.8623 17.6812 17.5018 17.3241 17.1483 16.9742 16.8022 16.632 16.464 16.298 16.1342 15.9726 15.8134 15.6565 15.502 15.3501 15.2007 15.0541 14.9101 14.7691 14.6309 14.4957 14.3636 14.2346 14.109 13.9866 13.8677 13.7523 13.6405 13.5324 13.428 13.3276 13.2311 13.1387 13.0504 12.9663 12.8865 12.8111 12.7402 12.6738 12.612 12.5549 12.5025 12.4549 12.4122 12.3744 12.3415 12.3136 12.2907 12.2729 12.2602 12.2526 12.25 12.25 12.25 12.25 12.25 12.25 12.25 12.25 12.25 12.25 12.25 12.25 12.25 12.25 12.25 12.25 12.25 12.25 12.25 12.25 12.25 12.2526 12.2602 12.2729 12.2907 12.3136 12.3415 12.3744 12.4122 12.4549 12.5025 12.5549 12.612 12.6738 12.7402 12.8111 12.8865 12.9663 13.0504 13.1387 13.2311 13.3276 13.428 13.5324 13.6405 13.7523 13.8677 13.9866 14.109 14.2346 14.3636 14.4957 14.6309 14.7691 14.9101 15.0541 15.2007 15.3501 15.502 15.6565 15.8134 15.9726 16.1342 16.298 16.464 16.632 16.8022 16.9742 17.1483 17.3241 17.5018 17.6812 17.8623 18.0451 18.2294 18.4153 18.6028 18.7916 18.9819 19.1735 19.3665 19.5608 19.7563 19.9531 20.151 20.3501 20.5502 20.7515 20.9538 21.1572 21.3615 21.5668 21.773 21.9801 22.1881 22.397 22.6067 22.8172 23.0285 23.2406 23.4534 23.667 23.8812 24.0962 24.3118 24.528 24.7449 24.9625 25.1806 25.3993 25.6186 
25.5 25.2797 25.0599 24.8407 24.6221 24.4041 24.1868 23.97 23.7539 23.5385 23.3238 23.1098 22.8965 22.684 22.4722 22.2612 22.0511 21.8418 21.6333 21.4257 21.2191 21.0134 20.8087 20.6049 20.4022 20.2006 20 19.8006 19.6023 19.4052 19.2094 19.0148 18.8215 18.6296 18.4391 18.25 18.0624 17.8763 17.6918 17.5089 17.3277 17.1483 16.9706 16.7947 16.6208 16.4488 16.2788 16.1109 15.9452 15.7817 15.6205 15.4616 15.3052 15.1513 15 14.8513 14.7054 14.5624 14.4222 14.285 14.151 14.0201 13.8924 13.7682 13.6473 13.5301 13.4164 13.3065 13.2004 13.0982 13 12.9059 12.816 12.7304 12.6491 12.5723 12.5 12.4323 12.3693 12.3111 12.2577 12.2091 12.1655 12.1269 12.0934 12.0649 12.0416 12.0234 12.0104 12.0026 12 12 12 12 12 12 12 12 12 12 12 12 12 12 12 12 12 12 12 12 12 12.0026 12.0104 12.0234 12.0416 12.0649 12.0934 12.1269 12.1655 12.2091 12.2577 12.3111 12.3693 12.4323 12.5 12.5723 12.6491 12.7304 12.816 12.9059 13 13.0982 13.2004 13.3065 13.4164 13.5301 13.6473 13.7682 13.8924 14.0201 14.151 14.285 14.4222 14.5624 14.7054 14.8513 15 15.1513 15.3052 15.4616 15.6205 15.7817 15.9452 16.1109 16.2788 16.4488 16.6208 16.7947 16.9706 17.1483 17.3277 17.5089 17.6918 17.8763 18.0624 18.25 18.4391 18.6296 18.8215 19.0148 19.2094 19.4052 19.6023 19.8006 20 20.2006 20.4022 20.6049 20.8087 21.0134 21.2191 21.4257 21.6333 21.8418 22.0511 22.2612 22.4722 22.684 22.8965 23.1098 23.3238 23.5385 23.7539 23.97 24.1868 24.4041 24.6221 24.8407 25.0599 25.2797 25.5 
25.3833 25.162 24.9412 24.7209 24.5013 24.2822 24.0637 23.8459 23.6286 23.4121 23.1962 22.981 22.7665 22.5527 22.3397 22.1275 21.916 21.7054 21.4956 21.2867 21.0787 20.8716 20.6655 20.4603 20.2562 20.0531 19.851 19.6501 19.4503 19.2516 19.0542 18.858 18.6631 18.4696 18.2774 18.0866 17.8973 17.7095 17.5232 17.3385 17.1555 16.9742 16.7947 16.617 16.4412 16.2673 16.0954 15.9256 15.7579 15.5925 15.4293 15.2684 15.11 14.9541 14.8008 14.6501 14.5022 14.3571 14.2149 14.0757 13.9396 13.8067 13.6771 13.5508 13.428 13.3088 13.1933 13.0815 12.9735 12.8695 12.7696 12.6738 12.5822 12.495 12.4122 12.3339 12.2602 12.1912 12.1269 12.0675 12.013 11.9635 11.919 11.8796 11.8454 11.8163 11.7925 11.7739 11.7606 11.7527 11.75 11.75 11.75 11.75 11.75 11.75 11.75 11.75 11.75 11.75 11.75 11.75 11.75 11.75 11.75 11.75 11.75 11.75 11.75 11.75 11.75 11.7527 11.7606 11.7739 11.7925 11.8163 11.8454 11.8796 11.919 11.9635 12.013 12.0675 12.1269 12.1912 12.2602 12.3339 12.4122 12.495 12.5822 12.6738 12.7696 12.8695 12.9735 13.0815 13.1933 13.3088 13.428 13.5508 13.6771 13.8067 13.9396 14.0757 14.2149 14.3571 14.5022 14.6501 14.8008 14.9541 15.11 15.2684 15.4293 15.5925 15.7579 15.9256 16.0954 16.2673 16.4412 16.617 16.7947 16.9742 17.1555 17.3385 17.5232 17.7095 17.8973 18.0866 18.2774 18.4696 18.6631 18.858 19.0542 19.2516 19.4503 19.6501 19.851 20.0531 20.2562 20.4603 20.6655 20.8716 21.0787 21.2867 21.4956 21.7054 21.916 22.1275 22.3397 22.5527 22.7665 22.981 23.1962 23.4121 23.6286 23.8459 24.0637 24.2822 24.5013 24.7209 24.9412 25.162 25.3833 
25.2686 25.0462 24.8244 24.6031 24.3824 24.1622 23.9426 23.7237 23.5053 23.2876 23.0705 22.8542 22.6385 22.4235 22.2092 21.9957 21.783 21.5711 21.36 21.1498 20.9404 20.7319 20.5244 20.3178 20.1122 19.9076 19.7041 19.5016 19.3003 19.1001 18.9011 18.7033 18.5068 18.3115 18.1177 17.9252 17.7341 17.5446 17.3566 17.1701 16.9853 16.8022 16.6208 16.4412 16.2635 16.0877 15.9138 15.7421 15.5724 15.405 15.2398 15.0769 14.9164 14.7585 14.6031 14.4503 14.3003 14.1532 14.0089 13.8677 13.7295 13.5946 13.4629 13.3346 13.2098 13.0886 12.9711 12.8574 12.7475 12.6417 12.5399 12.4424 12.3491 12.2602 12.1758 12.096 12.0208 11.9504 11.8849 11.8242 11.7686 11.718 11.6726 11.6324 11.5974 11.5677 11.5434 11.5244 11.5109 11.5027 11.5 11.5 11.5 11.5 11.5 11.5 11.5 11.5 11.5 11.5 11.5 11.5 11.5 11.5 11.5 11.5 11.5 11.5 11.5 11.5 11.5 11.5027 11.5109 11.5244 11.5434 11.5677 11.5974 11.6324 11.6726 11.718 11.7686 11.8242 11.8849 11.9504 12.0208 12.096 12.1758 12.2602 12.3491 12.4424 12.5399 12.6417 12.7475 12.8574 12.9711 13.0886 13.2098 13.3346 13.4629 13.5946 13.7295 13.8677 14.0089 14.1532 14.3003 14.4503 14.6031 14.7585 14.9164 15.0769 15.2398 15.405 15.5724 15.7421 15.9138 16.0877 16.2635 16.4412 16.6208 16.8022 16.9853 17.1701 17.3566 17.5446 17.7341 17.9252 18.1177 18.3115 18.5068 18.7033 18.9011 19.1001 19.3003 19.5016 19.7041 19.9076 20.1122 20.3178 20.5244 20.7319 20.9404 21.1498 21.36 21.5711 21.783 21.9957 22.2092 22.4235 22.6385 22.8542 23.0705 23.2876 23.5053 23.7237 23.9426 24.1622 24.3824 24.6031 24.8244 25.0462 25.2686 
25.1558 24.9324 24.7096 24.4872 24.2655 24.0442 23.8236 23.6035 23.384 23.1652 22.9469 22.7294 22.5125 22.2963 22.0808 21.8661 21.6521 21.4389 21.2265 21.0149 20.8041 20.5943 20.3854 20.1773 19.9703 19.7642 19.5592 19.3552 19.1523 18.9506 18.75 18.5506 18.3525 18.1556 17.96 17.7658 17.5731 17.3817 17.1919 17.0037 16.817 16.632 16.4488 16.2673 16.0877 15.9099 15.7341 15.5604 15.3887 15.2192 15.052 14.8871 14.7246 14.5645 14.407 14.2522 14.1001 13.9508 13.8044 13.6611 13.5208 13.3838 13.25 13.1196 12.9928 12.8695 12.75 12.6343 12.5225 12.4147 12.3111 12.2117 12.1166 12.026 11.94 11.8585 11.7819 11.71 11.6431 11.5812 11.5244 11.4728 11.4264 11.3853 11.3496 11.3192 11.2944 11.275 11.2611 11.2528 11.25 11.25 11.25 11.25 11.25 11.25 11.25 11.25 11.25 11.25 11.25 11.25 11.25 11.25 11.25 11.25 11.25 11.25 11.25 11.25 11.25 11.2528 11.2611 11.275 11.2944 11.3192 11.3496 11.3853 11.4264 11.4728 11.5244 11.5812 11.6431 11.71 11.7819 11.8585 11.94 12.026 12.1166 12.2117 12.3111 12.4147 12.5225 12.6343 12.75 12.8695 12.9928 13.1196 13.25 13.3838 13.5208 13.6611 13.8044 13.9508 14.1001 14.2522 14.407 14.5645 14.7246 14.8871 15.052 15.2192 15.3887 15.5604 15.7341 15.9099 16.0877 16.2673 16.4488 16.632 16.817 17.0037 17.1919 17.3817 17.5731 17.7658 17.96 18.1556 18.3525 18.5506 18.75 18.9506 19.1523 19.3552 19.5592 19.7642 19.9703 20.1773 20.3854 20.5943 20.8041 21.0149 21.2265 21.4389 21.6521 21.8661 22.0808 22.2963 22.5125 22.7294 22.9469 23.1652 23.384 23.6035 23.8236 24.0442 24.2655 24.4872 24.7096 24.9324 25.1558 
25.045 24.8206 24.5967 24.3734 24.1506 23.9283 23.7065 23.4854 23.2648 23.0448 22.8254 22.6067 22.3886 22.1712 21.9545 21.7385 21.5232 21.3087 21.095 20.8821 20.67 20.4588 20.2485 20.039 19.8305 19.623 19.4165 19.211 19.0066 18.8033 18.6011 18.4001 18.2003 18.0017 17.8045 17.6086 17.4141 17.221 17.0294 16.8393 16.6508 16.464 16.2788 16.0954 15.9138 15.7341 15.5563 15.3806 15.2069 15.0354 14.8661 14.6991 14.5344 14.3723 14.2127 14.0557 13.9014 13.75 13.6015 13.4559 13.3135 13.1743 13.0384 12.9059 12.7769 12.6516 12.53 12.4122 12.2984 12.1886 12.083 11.9818 11.8849 11.7925 11.7047 11.6216 11.5434 11.4701 11.4018 11.3385 11.2805 11.2278 11.1803 11.1383 11.1018 11.0708 11.0454 11.0255 11.0114 11.0028 11 11 11 11 11 11 11 11 11 11 11 11 11 11 11 11 11 11 11 11 11 11.0028 11.0114 11.0255 11.0454 11.0708 11.1018 11.1383 11.1803 11.2278 11.2805 11.3385 11.4018 11.4701 11.5434 11.6216 11.7047 11.7925 11.8849 11.9818 12.083 12.1886 12.2984 12.4122 12.53 12.6516 12.7769 12.9059 13.0384 13.1743 13.3135 13.4559 13.6015 13.75 13.9014 14.0557 14.2127 14.3723 14.5344 14.6991 14.8661 15.0354 15.2069 15.3806 15.5563 15.7341 15.9138 16.0954 16.2788 16.464 16.6508 16.8393 17.0294 17.221 17.4141 17.6086 17.8045 18.0017 18.2003 18.4001 18.6011 18.8033 19.0066 19.211 19.4165 19.623 19.8305 20.039 20.2485 20.4588 20.67 20.8821 21.095 21.3087 21.5232 21.7385 21.9545 22.1712 22.3886 22.6067 22.8254 23.0448 23.2648 23.4854 23.7065 23.9283 24.1506 24.3734 24.5967 24.8206 25.045 
24.9362 24.7108 24.486 24.2616 24.0377 23.8144 23.5916 23.3693 23.1476 22.9265 22.706 22.4861 22.2668 22.0482 21.8303 21.6131 21.3966 21.1808 20.9657 20.7515 20.5381 20.3255 20.1137 19.9029 19.693 19.484 19.276 19.069 18.863 18.6581 18.4543 18.2517 18.0503 17.8501 17.6511 17.4535 17.2572 17.0624 16.869 16.6771 16.4867 16.298 16.1109 15.9256 15.7421 15.5604 15.3806 15.2028 15.0271 14.8535 14.682 14.5129 14.3462 14.1819 14.0201 13.8609 13.7045 13.5508 13.4001 13.2524 13.1077 12.9663 12.8282 12.6935 12.5623 12.4348 12.3111 12.1912 12.0753 11.9635 11.8559 11.7527 11.6539 11.5596 11.4701 11.3853 11.3054 11.2305 11.1608 11.0962 11.0369 10.9829 10.9345 10.8915 10.8541 10.8224 10.7964 10.7761 10.7616 10.7529 10.75 10.75 10.75 10.75 10.75 10.75 10.75 10.75 10.75 10.75 10.75 10.75 10.75 10.75 10.75 10.75 10.75 10.75 10.75 10.75 10.75 10.7529 10.7616 10.7761 10.7964 10.8224 10.8541 10.8915 10.9345 10.9829 11.0369 11.0962 11.1608 11.2305 11.3054 11.3853 11.4701 11.5596 11.6539 11.7527 11.8559 11.9635 12.0753 12.1912 12.3111 12.4348 12.5623 12.6935 12.8282 12.9663 13.1077 13.2524 13.4001 13.5508 13.7045 13.8609 14.0201 14.1819 14.3462 14.5129 14.682 14.8535 15.0271 15.2028 15.3806 15.5604 15.7421 15.9256 16.1109 16.298 16.4867 16.6771 16.869 17.0624 17.2572 17.4535 17.6511 17.8501 18.0503 18.2517 18.4543 18.6581 18.863 19.069 19.276 19.484 19.693 19.9029 20.1137 20.3255 20.5381 20.7515 20.9657 21.1808 21.3966 21.6131 21.8303 22.0482 22.2668 22.4861 22.706 22.9265 23.1476 23.3693 23.5916 23.8144 24.0377 24.2616 24.486 24.7108 24.9362 
24.8294 24.6031 24.3772 24.1519 23.927 23.7026 23.4787 23.2554 23.0326 22.8104 22.5887 22.3677 22.1472 21.9274 21.7083 21.4898 21.272 21.055 20.8387 20.6231 20.4083 20.1944 19.9812 19.769 19.5576 19.3472 19.1377 18.9291 18.7216 18.5152 18.3098 18.1056 17.9025 17.7006 17.5 17.3007 17.1026 16.906 16.7108 16.517 16.3248 16.1342 15.9452 15.7579 15.5724 15.3887 15.2069 15.0271 14.8492 14.6735 14.5 14.3287 14.1598 13.9933 13.8293 13.6679 13.5093 13.3534 13.2004 13.0504 12.9035 12.7598 12.6194 12.4825 12.3491 12.2193 12.0934 11.9713 11.8533 11.7394 11.6297 11.5244 11.4237 11.3275 11.2361 11.1496 11.068 10.9915 10.9202 10.8541 10.7935 10.7384 10.6888 10.6448 10.6066 10.5741 10.5475 10.5268 10.5119 10.503 10.5 10.5 10.5 10.5 10.5 10.5 10.5 10.5 10.5 10.5 10.5 10.5 10.5 10.5 10.5 10.5 10.5 10.5 10.5 10.5 10.5 10.503 10.5119 10.5268 10.5475 10.5741 10.6066 10.6448 10.6888 10.7384 10.7935 10.8541 10.9202 10.9915 11.068 11.1496 11.2361 11.3275 11.4237 11.5244 11.6297 11.7394 11.8533 11.9713 12.0934 12.2193 12.3491 12.4825 12.6194 12.7598 12.9035 13.0504 13.2004 13.3534 13.5093 13.6679 13.8293 13.9933 14.1598 14.3287 14.5 14.6735 14.8492 15.0271 15.2069 15.3887 15.5724 15.7579 15.9452 16.1342 16.3248 16.517 16.7108 16.906 17.1026 17.3007 17.5 17.7006 17.9025 18.1056 18.3098 18.5152 18.7216 18.9291 19.1377 19.3472 19.5576 19.769 19.9812 20.1944 20.4083 20.6231 20.8387 21.055 21.272 21.4898 21.7083 21.9274 22.1472 22.3677 22.5887 22.8104 23.0326 23.2554 23.4787 23.7026 23.927 24.1519 24.3772 24.6031 24.8294 
24.7247 24.4974 24.2706 24.0442 23.8183 23.5929 23.368 23.1436 22.9197 22.6964 22.4736 22.2514 22.0298 21.8088 21.5885 21.3688 21.1498 20.9314 20.7138 20.497 20.2808 20.0655 19.851 19.6373 19.4245 19.2126 19.0016 18.7916 18.5826 18.3746 18.1676 17.9618 17.757 17.5535 17.3512 17.1501 16.9503 16.7519 16.5548 16.3592 16.1652 15.9726 15.7817 15.5925 15.405 15.2192 15.0354 14.8535 14.6735 14.4957 14.32 14.1466 13.9754 13.8067 13.6405 13.4768 13.3159 13.1577 13.0024 12.8501 12.7009 12.5549 12.4122 12.2729 12.1372 12.0052 11.877 11.7527 11.6324 11.5163 11.4045 11.2971 11.1943 11.0962 11.0028 10.9144 10.8311 10.7529 10.68 10.6125 10.5505 10.494 10.4433 10.3983 10.3592 10.3259 10.2987 10.2774 10.2622 10.253 10.25 10.25 10.25 10.25 10.25 10.25 10.25 10.25 10.25 10.25 10.25 10.25 10.25 10.25 10.25 10.25 10.25 10.25 10.25 10.25 10.25 10.253 10.2622 10.2774 10.2987 10.3259 10.3592 10.3983 10.4433 10.494 10.5505 10.6125 10.68 10.7529 10.8311 10.9144 11.0028 11.0962 11.1943 11.2971 11.4045 11.5163 11.6324 11.7527 11.877 12.0052 12.1372 12.2729 12.4122 12.5549 12.7009 12.8501 13.0024 13.1577 13.3159 13.4768 13.6405 13.8067 13.9754 14.1466 14.32 14.4957 14.6735 14.8535 15.0354 15.2192 15.405 15.5925 15.7817 15.9726 16.1652 16.3592 16.5548 16.7519 16.9503 17.1501 17.3512 17.5535 17.757 17.9618 18.1676 18.3746 18.5826 18.7916 19.0016 19.2126 19.4245 19.6373 19.851 20.0655 20.2808 20.497 20.7138 20.9314 21.1498 21.3688 21.5885 21.8088 22.0298 22.2514 22.4736 22.6964 22.9197 23.1436 23.368 23.5929 23.8183 24.0442 24.2706 24.4974 24.7247 
24.6221 24.3939 24.1661 23.9387 23.7118 23.4854 23.2594 23.0339 22.809 22.5846 22.3607 22.1374 21.9146 21.6925 21.4709 21.25 21.0297 20.8102 20.5913 20.3731 20.1556 19.939 19.7231 19.508 19.2938 19.0804 18.868 18.6564 18.4459 18.2363 18.0278 17.8203 17.6139 17.4087 17.2047 17.0018 16.8003 16.6001 16.4012 16.2038 16.0078 15.8134 15.6205 15.4293 15.2398 15.052 14.8661 14.682 14.5 14.32 14.1421 13.9665 13.7931 13.6221 13.4536 13.2877 13.1244 12.9639 12.8062 12.6516 12.5 12.3516 12.2066 12.0649 11.9269 11.7925 11.6619 11.5353 11.4127 11.2944 11.1803 11.0708 10.9659 10.8657 10.7703 10.68 10.5948 10.5149 10.4403 10.3712 10.3078 10.25 10.198 10.152 10.1119 10.0778 10.0499 10.0281 10.0125 10.0031 10 10 10 10 10 10 10 10 10 10 10 10 10 10 10 10 10 10 10 10 10 10.0031 10.0125 10.0281 10.0499 10.0778 10.1119 10.152 10.198 10.25 10.3078 10.3712 10.4403 10.5149 10.5948 10.68 10.7703 10.8657 10.9659 11.0708 11.1803 11.2944 11.4127 11.5353 11.6619 11.7925 11.9269 12.0649 12.2066 12.3516 12.5 12.6516 12.8062 12.9639 13.1244 13.2877 13.4536 13.6221 13.7931 13.9665 14.1421 14.32 14.5 14.682 14.8661 15.052 15.2398 15.4293 15.6205 15.8134 16.0078 16.2038 16.4012 16.6001 16.8003 17.0018 17.2047 17.4087 17.6139 17.8203 18.0278 18.2363 18.4459 18.6564 18.868 19.0804 19.2938 19.508 19.7231 19.939 20.1556 20.3731 20.5913 20.8102 21.0297 21.25 21.4709 21.6925 21.9146 22.1374 22.3607 22.5846 22.809 23.0339 23.2594 23.4854 23.7118 23.9387 24.1661 24.3939 24.6221 
24.5217 24.2925 24.0637 23.8354 23.6075 23.38 23.153 22.9265 22.7005 22.475 22.25 22.0256 21.8017 21.5783 21.3556 21.1335 20.912 20.6912 20.471 20.2515 20.0328 19.8148 19.5975 19.381 19.1654 18.9506 18.7367 18.5236 18.3115 18.1004 17.8903 17.6812 17.4732 17.2663 17.0606 16.856 16.6527 16.4507 16.25 16.0507 15.8528 15.6565 15.4616 15.2684 15.0769 14.8871 14.6991 14.5129 14.3287 14.1466 13.9665 13.7886 13.613 13.4397 13.2689 13.1006 12.9349 12.772 12.612 12.4549 12.3009 12.1501 12.0026 11.8585 11.718 11.5812 11.4483 11.3192 11.1943 11.0736 10.9573 10.8455 10.7384 10.636 10.5386 10.4463 10.3592 10.2774 10.2011 10.1304 10.0654 10.0062 9.95301 9.90581 9.86471 9.8298 9.80115 9.7788 9.76281 9.7532 9.75 9.75 9.75 9.75 9.75 9.75 9.75 9.75 9.75 9.75 9.75 9.75 9.75 9.75 9.75 9.75 9.75 9.75 9.75 9.75 9.75 9.7532 9.76281 9.7788 9.80115 9.8298 9.86471 9.90581 9.95301 10.0062 10.0654 10.1304 10.2011 10.2774 10.3592 10.4463 10.5386 10.636 10.7384 10.8455 10.9573 11.0736 11.1943 11.3192 11.4483 11.5812 11.718 11.8585 12.0026 12.1501 12.3009 12.4549 12.612 12.772 12.9349 13.1006 13.2689 13.4397 13.613 13.7886 13.9665 14.1466 14.3287 14.5129 14.6991 14.8871 15.0769 15.2684 15.4616 15.6565 15.8528 16.0507 16.25 16.4507 16.6527 16.856 17.0606 17.2663 17.4732 17.6812 17.8903 18.1004 18.3115 18.5236 18.7367 18.9506 19.1654 19.381 19.5975 19.8148 20.0328 20.2515 20.471 20.6912 20.912 21.1335 21.3556 21.5783 21.8017 22.0256 22.25 22.475 22.7005 22.9265 23.153 23.38 23.6075 23.8354 24.0637 24.2925 24.5217 
24.4233 24.1932 23.9635 23.7342 23.5053 23.2769 23.0489 22.8213 22.5942 22.3677 22.1416 21.916 21.691 21.4665 21.2426 21.0193 20.7966 20.5746 20.3531 20.1324 19.9123 19.693 19.4743 19.2565 19.0394 18.8232 18.6078 18.3933 18.1797 17.967 17.7553 17.5446 17.3349 17.1264 16.9189 16.7126 16.5076 16.3038 16.1012 15.9001 15.7003 15.502 15.3052 15.11 14.9164 14.7246 14.5344 14.3462 14.1598 13.9754 13.7931 13.613 13.435 13.2594 13.0863 12.9156 12.7475 12.5822 12.4197 12.2602 12.1037 11.9504 11.8004 11.6539 11.5109 11.3716 11.2361 11.1046 10.9772 10.8541 10.7355 10.6213 10.5119 10.4073 10.3078 10.2133 10.1242 10.0405 9.96243 9.89002 9.82344 9.76281 9.70824 9.65984 9.61769 9.58188 9.55249 9.52956 9.51315 9.50329 9.5 9.5 9.5 9.5 9.5 9.5 9.5 9.5 9.5 9.5 9.5 9.5 9.5 9.5 9.5 9.5 9.5 9.5 9.5 9.5 9.5 9.50329 9.51315 9.52956 9.55249 9.58188 9.61769 9.65984 9.70824 9.76281 9.82344 9.89002 9.96243 10.0405 10.1242 10.2133 10.3078 10.4073 10.5119 10.6213 10.7355 10.8541 10.9772 11.1046 11.2361 11.3716 11.5109 11.6539 11.8004 11.9504 12.1037 12.2602 12.4197 12.5822 12.7475 12.9156 13.0863 13.2594 13.435 13.613 13.7931 13.9754 14.1598 14.3462 14.5344 14.7246 14.9164 15.11 15.3052 15.502 15.7003 15.9001 16.1012 16.3038 16.5076 16.7126 16.9189 17.1264 17.3349 17.5446 17.7553 17.967 18.1797 18.3933 18.6078 18.8232 19.0394 19.2565 19.4743 19.693 19.9123 20.1324 20.3531 20.5746 20.7966 21.0193 21.2426 21.4665 21.691 21.916 22.1416 22.3677 22.5942 22.8213 23.0489 23.2769 23.5053 23.7342 23.9635 24.1932 24.4233 
24.3272 24.0962 23.8655 23.6352 23.4054 23.176 22.9469 22.7184 22.4903 22.2626 22.0355 21.8088 21.5827 21.3571 21.132 20.9075 20.6836 20.4603 20.2377 20.0156 19.7943 19.5736 19.3536 19.1344 18.9159 18.6983 18.4814 18.2654 18.0503 17.8361 17.6228 17.4105 17.1992 16.989 16.7798 16.5718 16.365 16.1594 15.955 15.752 15.5503 15.3501 15.1513 14.9541 14.7585 14.5645 14.3723 14.1819 13.9933 13.8067 13.6221 13.4397 13.2594 13.0815 12.9059 12.7328 12.5623 12.3946 12.2296 12.0675 11.9085 11.7527 11.6001 11.451 11.3054 11.1636 11.0255 10.8915 10.7616 10.636 10.5149 10.3983 10.2865 10.1796 10.0778 9.98123 9.89002 9.80434 9.72433 9.65013 9.58188 9.51972 9.46375 9.41409 9.37083 9.33408 9.3039 9.28036 9.2635 9.25338 9.25 9.25 9.25 9.25 9.25 9.25 9.25 9.25 9.25 9.25 9.25 9.25 9.25 9.25 9.25 9.25 9.25 9.25 9.25 9.25 9.25 9.25338 9.2635 9.28036 9.3039 9.33408 9.37083 9.41409 9.46375 9.51972 9.58188 9.65013 9.72433 9.80434 9.89002 9.98123 10.0778 10.1796 10.2865 10.3983 10.5149 10.636 10.7616 10.8915 11.0255 11.1636 11.3054 11.451 11.6001 11.7527 11.9085 12.0675 12.2296 12.3946 12.5623 12.7328 12.9059 13.0815 13.2594 13.4397 13.6221 13.8067 13.9933 14.1819 14.3723 14.5645 14.7585 14.9541 15.1513 15.3501 15.5503 15.752 15.955 16.1594 16.365 16.5718 16.7798 16.989 17.1992 17.4105 17.6228 17.8361 18.0503 18.2654 18.4814 18.6983 18.9159 19.1344 19.3536 19.5736 19.7943 20.0156 20.2377 20.4603 20.6836 20.9075 21.132 21.3571 21.5827 21.8088 22.0355 22.2626 22.4903 22.7184 22.9469 23.176 23.4054 23.6352 23.8655 24.0962 24.3272 
24.2332 24.0013 23.7697 23.5385 23.3077 23.0773 22.8473 22.6177 22.3886 22.1599 21.9317 21.704 21.4767 21.25 21.0238 20.7981 20.573 20.3485 20.1246 19.9013 19.6787 19.4567 19.2354 19.0148 18.7949 18.5759 18.3576 18.1401 17.9234 17.7077 17.4929 17.279 17.066 16.8542 16.6433 16.4336 16.225 16.0176 15.8114 15.6065 15.4029 15.2007 15 14.8008 14.6031 14.407 14.2127 14.0201 13.8293 13.6405 13.4536 13.2689 13.0863 12.9059 12.7279 12.5524 12.3794 12.2091 12.0416 11.877 11.7154 11.5569 11.4018 11.25 11.1018 10.9573 10.8167 10.68 10.5475 10.4193 10.2956 10.1766 10.0623 9.95301 9.84886 9.75 9.6566 9.56883 9.48683 9.41077 9.34077 9.27699 9.21954 9.16856 9.12414 9.08639 9.05539 9.0312 9.01388 9.00347 9 9 9 9 9 9 9 9 9 9 9 9 9 9 9 9 9 9 9 9 9 9.00347 9.01388 9.0312 9.05539 9.08639 9.12414 9.16856 9.21954 9.27699 9.34077 9.41077 9.48683 9.56883 9.6566 9.75 9.84886 9.95301 10.0623 10.1766 10.2956 10.4193 10.5475 10.68 10.8167 10.9573 11.1018 11.25 11.4018 11.5569 11.7154 11.877 12.0416 12.2091 12.3794 12.5524 12.7279 12.9059 13.0863 13.2689 13.4536 13.6405 13.8293 14.0201 14.2127 14.407 14.6031 14.8008 15 15.2007 15.4029 15.6065 15.8114 16.0176 16.225 16.4336 16.6433 16.8542 17.066 17.279 17.4929 17.7077 17.9234 18.1401 18.3576 18.5759 18.7949 19.0148 19.2354 19.4567 19.6787 19.9013 20.1246 20.3485 20.573 20.7981 21.0238 21.25 21.4767 21.704 21.9317 22.1599 22.3886 22.6177 22.8473 23.0773 23.3077 23.5385 23.7697 24.0013 24.2332 
